{
 "cells": [
  {
   "cell_type": "code",
   "execution_count": 1,
   "metadata": {},
   "outputs": [],
   "source": [
    "import numpy as np\n",
    "from scipy.stats import dirichlet\n",
    "import tqdm\n",
    "import matplotlib.pyplot as plt\n",
    "from scipy.stats import norm\n",
    "from scipy.stats import gamma\n",
    "\n",
    "\n",
    "def generate_xt(n_pars, hm):\n",
    "    xt = []\n",
    "    for _ in range(hm):\n",
    "        temp = np.linspace(10,1,n_pars) * np.random.uniform(0,1,n_pars)\n",
    "        xt.append(temp/np.sum(temp))\n",
    "    return np.array(xt)\n",
    "\n",
    "def loglikelihood(xt, omega):\n",
    "    return np.sum( np.log( np.array( [ np.sum(xt[i]*omega) for i in range(len(xt)) ] ) ) )\n",
    "\n",
    "def log_posterior(xt, omega, alpha):\n",
    "    return loglikelihood(xt, omega) + dirichlet.logpdf(omega, alpha = alpha)\n",
    "\n",
    "def sampling(n, xt, alpha, alpha_prop):\n",
    "    accepted = []\n",
    "    c = 0\n",
    "    log_rnd = np.log(np.random.uniform(0,1,n))\n",
    "    pb = tqdm.tqdm(range(n))\n",
    "    omega = np.hstack( dirichlet.rvs(alpha = alpha, size = 1) )\n",
    "    for i in pb:\n",
    "        acp = i and c/i or 0\n",
    "        pb.set_description(\"Acceptance rate %f\" % acp)\n",
    "        omega_new = np.hstack( dirichlet.rvs(alpha = alpha_prop, size = 1) )\n",
    "        if log_rnd[i] <= log_acceptance_diri(xt, alpha, alpha_prop, omega, omega_new):\n",
    "            omega = omega_new\n",
    "            c +=1\n",
    "        accepted.append(omega)\n",
    "    return np.array(accepted)\n",
    "\n",
    "def sampling2(n, xt, alpha, eps, each):\n",
    "    accepted = []\n",
    "    c = 0\n",
    "    log_rnd = np.log(np.random.uniform(0,1,n))\n",
    "    pb = tqdm.tqdm(range(n))\n",
    "    x = np.ones(len(alpha)) * len(alpha)\n",
    "    omega = x/np.sum(x)\n",
    "    alp = 1/eps**2\n",
    "    scale = x*eps**2\n",
    "    for i in pb:\n",
    "        acp = i and c/i or 0\n",
    "        pb.set_description(\"Acceptance rate %f\" % acp)\n",
    "        x_pr = gamma.rvs(alp, scale = scale)\n",
    "        omega_pr = x_pr/np.sum(x_pr)\n",
    "        if i % each == 0: print(x_pr)\n",
    "        if log_rnd[i] <= log_acceptance(xt, alpha, x, x_pr, omega, omega_pr, alp, eps, scale):\n",
    "            omega = omega_pr\n",
    "            x = x_pr\n",
    "            scale = x_pr*eps**2\n",
    "            c +=1\n",
    "        accepted.append(omega)\n",
    "    return np.array(accepted)\n",
    "\n",
    "def sampling3(n, xt, alpha, eps, each):\n",
    "    accepted = []\n",
    "    #prs = []\n",
    "    c, skpd = [0,0]\n",
    "    log_rnd = np.log(np.random.uniform(0,1,n))\n",
    "    pb = tqdm.tqdm(range(n))\n",
    "    omega = np.hstack( dirichlet.rvs(alpha = alpha, size = 1) )\n",
    "    for i in pb:\n",
    "        acp = i and c/i or 0\n",
    "        skpd_rate = i and skpd/i or 0\n",
    "        pb.set_description(\"Acceptance rate %f,    Skipped due to zero in some omega proposed %f\" % (acp,skpd_rate))\n",
    "        omega_pr = np.hstack( dirichlet.rvs(alpha = omega*eps, size = 1) )\n",
    "        if any(omega_pr==0):\n",
    "             skpd += 1\n",
    "             continue\n",
    "        if i % each == 0: print(omega_pr)\n",
    "        #omega_pr = np.where(omega_pr>0, omega_pr, 1e-10)\n",
    "        #omega_pr = omega_pr/np.sum(omega_pr)\n",
    "        if log_rnd[i] <= log_acceptance3(xt, alpha, omega, omega_pr, eps):\n",
    "            omega = omega_pr\n",
    "            c +=1\n",
    "        accepted.append(omega)\n",
    "    return np.array(accepted)\n",
    "\n",
    "def sampling4(n, xt, alpha, eps, each):\n",
    "    accepted = []\n",
    "    #prs = []\n",
    "    c, skpd = [0,0]\n",
    "    log_rnd = np.log(np.random.uniform(0,1,n))\n",
    "    pb = tqdm.tqdm(range(n))\n",
    "    omega = np.hstack( dirichlet.rvs(alpha = alpha, size = 1) )\n",
    "    for i in pb:\n",
    "        acp = i and c/i or 0\n",
    "        skpd_rate = i and skpd/i or 0\n",
    "        pb.set_description(\"Acceptance rate %f,    Skipped due to zero in some omega proposed %f\" % (acp,skpd_rate))\n",
    "        omega_pr = np.hstack( dirichlet.rvs(alpha = omega+eps, size = 1) )\n",
    "        if any(omega_pr==0):\n",
    "             skpd += 1\n",
    "             continue\n",
    "        if i % each == 0: print(omega_pr)\n",
    "        #omega_pr = np.where(omega_pr>0, omega_pr, 1e-10)\n",
    "        #omega_pr = omega_pr/np.sum(omega_pr)\n",
    "        if log_rnd[i] <= log_acceptance4(xt, alpha, omega, omega_pr, eps):\n",
    "            omega = omega_pr\n",
    "            c +=1\n",
    "        accepted.append(omega)\n",
    "    return np.array(accepted)\n",
    "\n",
    "def sampling5(n, xt, alpha, eps, each):\n",
    "    accepted = []\n",
    "    c = 0\n",
    "    log_rnd = np.log(np.random.uniform(0,1,n))\n",
    "    pb = tqdm.tqdm(range(n))\n",
    "    x = np.hstack( dirichlet.rvs(alpha = alpha, size = 1) )\n",
    "    omega = x/np.sum(x)\n",
    "    scale = 1\n",
    "    for i in pb:\n",
    "        acp = i and c/i or 0\n",
    "        pb.set_description(\"Acceptance rate %f\" % acp)\n",
    "        x_pr = gamma.rvs(x*eps, scale = scale)\n",
    "        omega_pr = x_pr/np.sum(x_pr)\n",
    "        if i % each == 0: print(x_pr)\n",
    "        if log_rnd[i] <= log_acceptance5(xt, alpha, x, x_pr, omega, omega_pr, eps, scale):\n",
    "            omega = omega_pr\n",
    "            x = x_pr\n",
    "            c +=1\n",
    "        accepted.append(omega)\n",
    "    return np.array(accepted)\n",
    "\n",
    "def log_acceptance4(xt, alpha, omega, omega_pr, eps):\n",
    "            return log_posterior(xt, omega_pr, alpha) - log_posterior(xt, omega, alpha) - dirichlet.logpdf(omega_pr, alpha = omega+eps) + dirichlet.logpdf(omega, alpha = omega_pr+eps)\n",
    "\n",
    "def log_acceptance3(xt, alpha, omega, omega_pr, eps):\n",
    "            return log_posterior(xt, omega_pr, alpha) - log_posterior(xt, omega, alpha) - dirichlet.logpdf(omega_pr, alpha = omega*eps) + dirichlet.logpdf(omega, alpha = omega_pr*eps)\n",
    "\n",
    "def log_acceptance_diri(xt, alpha, alpha_prop, omega, omega_pr):\n",
    "    return log_posterior(xt, omega_pr, alpha) - log_posterior(xt, omega, alpha) - dirichlet.logpdf(omega_pr, alpha = alpha_prop) + dirichlet.logpdf(omega, alpha = alpha_prop)\n",
    "\n",
    "def log_acceptance(xt, alpha, x, x_pr, omega, omega_pr, alp, eps, scale):\n",
    "            scale_reverse = x_pr*eps**2\n",
    "            return log_posterior(xt, omega_pr, alpha) - log_posterior(xt, omega, alpha) + log_jacobian(x_pr) - log_jacobian(x) + norm.logpdf(np.sum(x_pr), loc = 0, scale = 1) - norm.logpdf(np.sum(x), loc = 0, scale = 1) - np.sum( gamma.logpdf(x_pr, a = alp, scale=scale) ) + np.sum( gamma.logpdf(x, a = alp, scale=scale_reverse) )\n",
    "\n",
    "def log_acceptance5(xt, alpha, x, x_pr, omega, omega_pr, eps, scale):\n",
    "            return log_posterior(xt, omega_pr, alpha) - log_posterior(xt, omega, alpha) + log_jacobian(x_pr) - log_jacobian(x) + norm.logpdf(np.sum(x_pr), loc = 0, scale = 1) - norm.logpdf(np.sum(x), loc = 0, scale = 1) - np.sum( gamma.logpdf(x_pr, a = x*eps, scale=scale) ) + np.sum( gamma.logpdf(x, a = x_pr*eps, scale=scale) )\n",
    "\n",
    "def log_jacobian(x):\n",
    "    return -(len(x)) * np.log(np.sum(x))\n",
    "\n"
   ]
  },
  {
   "cell_type": "code",
   "execution_count": 2,
   "metadata": {},
   "outputs": [
    {
     "name": "stdout",
     "output_type": "stream",
     "text": [
      "[[5.76492347e-03 2.26233851e-01 3.34061210e-01 1.03516479e-01\n",
      "  1.39971223e-02 9.44233094e-02 1.11907681e-01 3.81026408e-03\n",
      "  5.10495382e-02 5.52356217e-02]\n",
      " [2.01416774e-01 2.60670688e-01 1.47721135e-01 5.35205094e-02\n",
      "  1.27869215e-01 3.02364354e-02 6.79447233e-02 3.30884380e-02\n",
      "  6.20604216e-02 1.54716599e-02]\n",
      " [1.33016025e-01 2.48285740e-01 1.16526991e-01 5.05330554e-02\n",
      "  1.12561307e-01 8.51962525e-02 9.74756603e-02 1.09435244e-01\n",
      "  1.94282860e-02 2.75414386e-02]\n",
      " [1.34554142e-01 2.03741630e-01 1.32936837e-01 1.30913550e-01\n",
      "  1.51149546e-01 1.49082431e-01 4.71823636e-03 7.56217824e-02\n",
      "  7.96882002e-03 9.31302418e-03]\n",
      " [1.30573859e-01 2.52722329e-01 1.38350372e-01 1.78608231e-01\n",
      "  5.95782773e-02 8.49511961e-02 4.61196960e-02 6.27471028e-02\n",
      "  3.87828059e-02 7.56613183e-03]\n",
      " [2.47166557e-01 2.75187705e-01 1.41363396e-01 2.02339047e-02\n",
      "  1.11978983e-02 1.22979993e-01 7.37840426e-02 3.93061685e-02\n",
      "  5.64695147e-02 1.23108206e-02]\n",
      " [3.49971355e-01 7.85005790e-02 8.88110403e-02 1.25984574e-01\n",
      "  4.65303804e-02 3.73761516e-02 1.15426410e-01 1.09682449e-01\n",
      "  2.59957653e-02 2.17212963e-02]\n",
      " [1.63315358e-01 2.25791632e-01 7.64468154e-02 1.05228120e-01\n",
      "  1.21122022e-01 1.04944895e-01 8.50998860e-02 8.81680976e-02\n",
      "  2.76850256e-02 2.19814785e-03]\n",
      " [1.68633818e-01 9.47886593e-02 2.62949068e-01 1.19129996e-01\n",
      "  4.88747661e-02 2.02317013e-01 2.97489364e-02 2.22965362e-02\n",
      "  2.21289471e-02 2.91322605e-02]\n",
      " [2.42399155e-01 2.18066961e-01 2.12454983e-01 9.89515267e-02\n",
      "  8.49210791e-03 1.14737828e-01 6.76557250e-02 4.90329355e-03\n",
      "  1.70971007e-02 1.52413191e-02]\n",
      " [2.88346615e-01 1.27905568e-01 3.51448729e-03 2.19521850e-01\n",
      "  1.65703315e-01 7.50270490e-02 5.26090613e-02 1.52787694e-03\n",
      "  5.02086880e-02 1.56354893e-02]\n",
      " [2.34401609e-01 8.12419928e-02 1.84870242e-01 4.87815124e-02\n",
      "  1.91898679e-01 1.35959454e-01 6.27691354e-02 5.40963180e-02\n",
      "  3.63284503e-03 2.34821124e-03]\n",
      " [5.23779393e-02 1.11309188e-01 7.75434915e-02 8.52509030e-02\n",
      "  1.49646063e-01 2.52264298e-01 1.46209838e-01 9.19905899e-02\n",
      "  3.10394934e-03 3.03037400e-02]\n",
      " [3.00711707e-01 6.73040916e-02 2.74689256e-01 5.75155270e-02\n",
      "  1.35849793e-02 7.39264695e-02 1.24484023e-01 3.06818669e-04\n",
      "  6.14939613e-02 2.59831666e-02]\n",
      " [8.33812764e-02 1.97466662e-01 1.41021749e-02 2.29198724e-01\n",
      "  1.59585438e-01 7.06390613e-02 1.36259186e-01 1.38132850e-02\n",
      "  6.72959372e-02 2.82582550e-02]\n",
      " [1.40673642e-01 3.21572389e-01 5.88855502e-02 1.31479923e-03\n",
      "  2.11861230e-01 1.47048003e-01 5.60064167e-02 1.85814617e-02\n",
      "  7.74213025e-03 3.63143776e-02]\n",
      " [3.11895588e-01 3.61196728e-02 8.35246554e-02 4.86823092e-02\n",
      "  4.48935708e-02 1.97376585e-01 1.45625529e-01 6.30556556e-02\n",
      "  5.71349346e-02 1.16914984e-02]\n",
      " [3.22159802e-01 5.30466144e-02 5.73039662e-02 1.25891608e-01\n",
      "  2.48807781e-03 1.69906225e-01 1.42089910e-01 7.20128840e-02\n",
      "  3.82279588e-02 1.68729536e-02]\n",
      " [1.59730412e-01 2.15626923e-01 2.51697880e-01 6.73184338e-02\n",
      "  1.79061777e-01 4.15169036e-03 9.46811471e-02 1.85530570e-02\n",
      "  8.50699468e-04 8.32797982e-03]\n",
      " [2.62934390e-01 2.41163497e-01 9.30139273e-02 4.80935415e-02\n",
      "  1.40688942e-01 1.72733172e-02 8.34741648e-02 7.68252152e-02\n",
      "  1.48702646e-02 2.16627405e-02]\n",
      " [3.06578024e-01 1.75775328e-01 8.88449786e-02 2.16097937e-02\n",
      "  1.78417578e-01 4.18063171e-03 1.28715079e-01 1.36414729e-02\n",
      "  5.84164449e-02 2.38206705e-02]\n",
      " [2.15333426e-01 2.65305414e-01 2.29305084e-02 1.76606609e-01\n",
      "  1.00223715e-01 1.84588179e-02 7.71773209e-02 7.79147501e-03\n",
      "  7.96942426e-02 3.64784712e-02]\n",
      " [1.23897871e-01 1.16451401e-01 7.19248014e-02 1.52621397e-01\n",
      "  1.98494190e-01 2.00590265e-01 6.24014415e-02 3.54997039e-02\n",
      "  2.94612997e-03 3.51727993e-02]\n",
      " [2.86268940e-01 2.40948164e-01 1.37909145e-01 6.95939057e-02\n",
      "  8.86145415e-02 1.33565344e-02 4.67556391e-02 5.91579086e-02\n",
      "  3.88377857e-02 1.85574370e-02]\n",
      " [2.54602505e-01 3.18509176e-03 2.28771282e-01 2.02822533e-01\n",
      "  4.79638698e-02 1.36755760e-01 8.35213681e-02 3.11230385e-03\n",
      "  3.81908641e-02 1.07442237e-03]\n",
      " [1.14936821e-01 1.42053379e-01 1.42182423e-01 1.09422681e-01\n",
      "  1.25967714e-01 1.11076536e-01 1.04736667e-01 7.88400616e-02\n",
      "  5.73894667e-02 1.33942491e-02]\n",
      " [3.03167541e-01 1.73650887e-01 1.48236000e-01 9.21073052e-02\n",
      "  6.53923950e-02 1.03898036e-01 1.91008842e-02 1.75580454e-02\n",
      "  4.61755308e-02 3.07133745e-02]\n",
      " [3.41587240e-01 2.44865336e-01 5.47498924e-03 1.48275521e-01\n",
      "  4.92296307e-02 8.35038176e-02 4.94798963e-03 3.49495656e-02\n",
      "  5.64805385e-02 3.06853718e-02]\n",
      " [3.53069869e-02 2.53721333e-01 9.06090862e-02 3.16346192e-01\n",
      "  3.70527999e-02 6.13857581e-02 3.42171268e-04 1.53629570e-01\n",
      "  1.06900174e-02 4.09160848e-02]\n",
      " [1.04177439e-01 3.04889959e-01 8.89566752e-02 4.58936239e-02\n",
      "  1.94080316e-01 4.50160885e-02 5.98130965e-02 9.60097968e-02\n",
      "  5.02200187e-02 1.09429867e-02]\n",
      " [2.73833471e-01 1.91570843e-01 8.75741922e-02 1.84997158e-01\n",
      "  2.89665397e-02 1.14200769e-01 3.56102297e-03 4.47011420e-02\n",
      "  5.65925198e-02 1.40023412e-02]\n",
      " [6.90213894e-02 8.49401173e-03 2.75394596e-01 3.39977180e-01\n",
      "  6.06923038e-02 1.47346602e-02 9.49801530e-02 6.81752114e-02\n",
      "  5.07962548e-02 1.77342400e-02]\n",
      " [1.04778257e-01 5.87803287e-02 7.53885195e-02 2.77370193e-01\n",
      "  1.53265951e-01 1.45650356e-02 1.48248583e-01 1.24018709e-01\n",
      "  1.05300597e-02 3.30543645e-02]\n",
      " [9.79661713e-02 1.80160956e-01 2.59360314e-01 1.60782043e-02\n",
      "  6.72752232e-03 1.51360485e-01 6.61422294e-02 1.75957643e-01\n",
      "  3.89473444e-02 7.29913032e-03]\n",
      " [3.29335227e-02 2.59175865e-01 1.60987400e-01 1.64360665e-01\n",
      "  6.27710685e-02 1.02733810e-01 1.09714221e-01 6.32763595e-02\n",
      "  1.99078773e-02 2.41392100e-02]\n",
      " [9.71896332e-02 2.09855621e-01 2.00948176e-01 2.10105517e-01\n",
      "  1.46173894e-01 4.74656643e-02 4.29402906e-02 1.26904271e-02\n",
      "  8.84578687e-03 2.37849902e-02]\n",
      " [1.34882271e-01 1.75515408e-01 7.91025366e-02 2.92990858e-01\n",
      "  1.17868812e-01 5.97373043e-02 7.29741924e-02 1.72263316e-02\n",
      "  1.83290635e-02 3.13732222e-02]\n",
      " [1.32071435e-01 1.25977453e-01 2.24053716e-01 2.34247933e-01\n",
      "  3.87590755e-02 9.24562973e-02 2.84406121e-02 5.82274270e-02\n",
      "  5.90636120e-02 6.70243940e-03]\n",
      " [8.20838239e-02 9.73175061e-02 2.34752849e-01 1.47723973e-01\n",
      "  1.87957837e-01 5.99097086e-02 8.26338407e-02 4.84183843e-02\n",
      "  2.15526141e-02 3.76494636e-02]\n",
      " [2.25878000e-01 5.90874871e-02 1.76905417e-01 9.74041401e-02\n",
      "  1.16078035e-01 1.73052741e-01 3.64086434e-03 8.47321033e-02\n",
      "  4.16803633e-02 2.15408480e-02]\n",
      " [1.81643807e-01 2.29021430e-01 2.63231514e-01 4.36856703e-02\n",
      "  5.97632341e-02 2.91495119e-02 1.34740458e-01 2.12054777e-02\n",
      "  3.55674818e-02 1.99141534e-03]\n",
      " [1.86316651e-01 3.01721813e-01 7.06684616e-02 8.70796197e-02\n",
      "  1.29938365e-01 5.15985445e-02 1.60340608e-02 5.16674702e-02\n",
      "  7.96020889e-02 2.53729256e-02]\n",
      " [1.58596298e-01 2.27193251e-02 1.88503158e-01 2.30784630e-01\n",
      "  7.37550532e-02 1.20704120e-02 1.30154768e-01 9.25512005e-02\n",
      "  6.52585192e-02 2.56066369e-02]\n",
      " [2.06574830e-01 1.95253952e-01 1.75338653e-01 2.61035666e-02\n",
      "  1.33142923e-01 7.49014855e-02 7.03022425e-02 7.89642378e-02\n",
      "  1.95353796e-02 1.98827296e-02]\n",
      " [7.85645160e-02 1.77881389e-01 1.38876258e-01 1.19981039e-01\n",
      "  1.93917789e-01 1.38618770e-01 7.71067738e-02 5.99092881e-02\n",
      "  1.50548346e-02 8.93421171e-05]\n",
      " [5.51120474e-02 8.56917569e-02 2.34293980e-01 1.42688825e-01\n",
      "  1.54701218e-01 1.10859034e-01 6.71106804e-02 6.74088661e-02\n",
      "  5.25790303e-02 2.95545617e-02]\n",
      " [8.38660304e-02 8.71630403e-03 2.97683623e-01 2.72872257e-01\n",
      "  1.03090315e-01 4.45729207e-02 9.36607532e-02 6.03072314e-03\n",
      "  7.78400536e-02 1.16670206e-02]\n",
      " [1.34352239e-01 2.46137816e-01 1.45664497e-01 3.50258228e-02\n",
      "  4.26486989e-02 2.15264030e-02 1.96081912e-01 1.13604316e-01\n",
      "  1.09588358e-02 5.39994598e-02]\n",
      " [3.00463417e-01 2.17611624e-01 1.36462889e-01 9.38616573e-02\n",
      "  5.43870895e-02 8.01972315e-02 7.38396906e-02 2.11275770e-02\n",
      "  1.92872638e-02 2.76156045e-03]\n",
      " [1.58025739e-01 2.89789101e-01 4.73672857e-02 2.30716416e-01\n",
      "  1.01120539e-01 2.52174846e-02 4.64414885e-02 5.39065218e-02\n",
      "  4.36626755e-02 3.75274913e-03]\n",
      " [2.59676373e-01 2.75578242e-01 1.45159878e-01 5.62163347e-02\n",
      "  4.54385950e-02 4.22692481e-02 1.10158875e-01 2.82475726e-03\n",
      "  4.21005332e-02 2.05771634e-02]\n",
      " [1.75359906e-01 1.72170928e-01 7.22857430e-02 7.41237399e-02\n",
      "  1.63037330e-01 1.19859098e-01 1.31197592e-01 3.62423042e-02\n",
      "  3.57156806e-02 2.00076788e-02]\n",
      " [2.02113075e-01 1.54513073e-01 1.04423295e-02 2.38092936e-01\n",
      "  7.67937119e-02 1.32506001e-01 9.26998882e-02 6.66009093e-02\n",
      "  2.24285272e-02 3.80954981e-03]\n",
      " [1.92423424e-01 3.06349840e-02 2.38174795e-01 1.58149903e-01\n",
      "  1.67979524e-01 2.07102984e-02 1.16936314e-01 2.22946259e-02\n",
      "  2.42591728e-02 2.84369585e-02]\n",
      " [2.55154535e-01 1.64340583e-01 8.47749050e-02 1.44271114e-01\n",
      "  8.31970936e-03 1.79103342e-01 4.23817901e-02 9.05352411e-02\n",
      "  1.47973309e-02 1.63214489e-02]\n",
      " [3.00797227e-01 7.68180352e-02 1.84900908e-01 6.70530412e-02\n",
      "  1.60792668e-01 4.20289610e-03 1.14311202e-01 5.39640031e-02\n",
      "  2.82339514e-02 8.92606841e-03]\n",
      " [1.77677756e-03 3.20036412e-01 3.87022852e-01 6.89584149e-02\n",
      "  2.95738714e-03 1.82397568e-03 1.33721133e-01 8.43893054e-03\n",
      "  3.46570229e-02 4.06070942e-02]\n",
      " [1.71800539e-01 1.76137966e-01 9.86520573e-02 1.64155252e-01\n",
      "  8.55966880e-02 1.03904027e-01 1.11317502e-01 8.37104768e-03\n",
      "  4.82023630e-02 3.18625590e-02]\n",
      " [2.66741436e-01 4.29642567e-02 9.06648826e-02 1.91274033e-01\n",
      "  1.25315583e-01 1.10642544e-01 2.58819346e-02 6.28280996e-02\n",
      "  6.24908992e-02 2.11963320e-02]\n",
      " [1.19381415e-01 1.92392127e-02 2.04125405e-01 2.37637166e-01\n",
      "  2.53039932e-01 9.07800045e-02 2.73882750e-02 4.02020393e-02\n",
      "  6.74378934e-03 1.46276074e-03]\n",
      " [2.42417080e-01 1.91151600e-01 1.95530571e-01 7.78820870e-02\n",
      "  2.96948024e-02 1.02067836e-01 9.21555907e-02 3.31598780e-02\n",
      "  2.52129756e-02 1.07275790e-02]\n",
      " [2.02219321e-01 2.46587376e-01 6.89126683e-02 3.16891917e-02\n",
      "  1.14160093e-01 1.28650485e-01 8.27667712e-02 9.00376894e-02\n",
      "  2.43429115e-02 1.06334916e-02]\n",
      " [1.59112612e-01 2.31349361e-01 1.78827280e-01 4.91919985e-02\n",
      "  1.03453777e-01 1.21995011e-01 6.51078434e-02 7.49861876e-02\n",
      "  4.00261183e-03 1.19733172e-02]\n",
      " [2.71324364e-02 2.39280150e-01 1.24064798e-01 1.58270968e-01\n",
      "  1.32333221e-01 9.71736861e-02 1.05109862e-01 3.05653764e-02\n",
      "  6.01142787e-02 2.59552238e-02]\n",
      " [6.72767955e-02 2.50310379e-01 1.41240566e-01 3.91445193e-02\n",
      "  1.05492741e-01 1.42220055e-01 6.24733259e-02 1.10295360e-01\n",
      "  5.08302006e-02 3.07160576e-02]\n",
      " [3.78063797e-01 7.88869575e-02 8.43620662e-02 1.51208578e-01\n",
      "  3.93376111e-04 1.37762128e-01 3.11287013e-02 6.37641295e-02\n",
      "  3.94021845e-02 3.50280808e-02]\n",
      " [1.20540429e-01 1.08853760e-01 2.93973638e-01 1.28157299e-01\n",
      "  1.75633961e-01 3.86650321e-02 6.38022037e-03 4.23482906e-02\n",
      "  4.76431343e-02 3.78042355e-02]\n",
      " [1.52907820e-01 2.74100611e-01 1.35880194e-01 2.09415664e-01\n",
      "  5.31929189e-02 7.30653002e-02 2.43987019e-02 4.68660859e-02\n",
      "  2.31664420e-03 2.78560599e-02]\n",
      " [1.94811679e-01 2.22151357e-01 1.38512764e-01 1.12964711e-01\n",
      "  4.28676455e-02 9.26646591e-02 9.49088816e-02 2.82935585e-02\n",
      "  5.11450805e-02 2.16796642e-02]\n",
      " [2.92643768e-01 2.86852427e-01 2.61459414e-03 1.57137907e-02\n",
      "  1.48053113e-01 1.22281970e-01 8.39371625e-03 7.17096865e-02\n",
      "  1.91773331e-02 3.25596009e-02]\n",
      " [2.98239923e-01 2.10072206e-01 3.24871341e-02 1.35565911e-01\n",
      "  1.07372131e-01 1.52204489e-01 2.32724051e-02 1.05711664e-02\n",
      "  6.61321027e-04 2.95533128e-02]\n",
      " [3.83980924e-02 2.20565104e-01 3.15406122e-01 1.27075615e-01\n",
      "  2.13520823e-02 3.85722884e-02 4.72655803e-02 1.09215141e-01\n",
      "  6.57277306e-02 1.64222441e-02]\n",
      " [1.36574673e-01 9.71115471e-02 2.18833232e-01 8.34496920e-02\n",
      "  1.22777074e-01 9.59494300e-02 1.36109558e-01 7.74916611e-02\n",
      "  1.00404447e-02 2.16626883e-02]\n",
      " [2.10398305e-01 8.55634329e-02 1.68324800e-01 1.31186038e-01\n",
      "  1.14774569e-01 1.10936735e-01 8.96822838e-02 2.67707382e-02\n",
      "  4.42902362e-02 1.80728620e-02]\n",
      " [1.76043840e-01 1.40307306e-01 8.85904156e-02 1.75172484e-01\n",
      "  1.77905381e-01 1.29160848e-01 3.46603825e-02 3.87535425e-02\n",
      "  2.53316058e-02 1.40741946e-02]\n",
      " [2.61196295e-01 1.40270717e-01 1.48943782e-01 1.84015312e-01\n",
      "  8.86180834e-02 2.52612374e-02 9.62166386e-02 3.48664859e-02\n",
      "  1.86377264e-02 1.97372231e-03]\n",
      " [1.59725637e-01 2.55681286e-01 8.80137420e-02 2.66802962e-02\n",
      "  1.52908206e-01 1.61475107e-01 4.55254671e-02 3.93454712e-02\n",
      "  6.38045640e-02 6.84022370e-03]\n",
      " [1.30018832e-01 2.34013014e-01 1.53457638e-01 5.15415711e-02\n",
      "  1.12571578e-01 1.47858085e-01 5.25886135e-02 7.07867004e-02\n",
      "  1.92540200e-02 2.79099471e-02]\n",
      " [7.13290786e-02 3.21324153e-01 9.70240102e-02 1.54012412e-01\n",
      "  1.06669144e-01 7.31803647e-02 4.86036957e-02 1.05538831e-01\n",
      "  4.87084016e-03 1.74474708e-02]\n",
      " [1.94429564e-03 9.10533508e-02 1.51269382e-01 2.57531555e-01\n",
      "  1.65932648e-01 5.88806077e-02 4.13584209e-02 1.30261927e-01\n",
      "  8.64926764e-02 1.52751374e-02]\n",
      " [2.65470620e-01 1.55512049e-01 9.34266850e-02 1.67783522e-01\n",
      "  1.28846392e-01 2.79600862e-02 1.72624935e-02 1.12582396e-01\n",
      "  6.68572434e-03 2.44700319e-02]\n",
      " [1.27769093e-01 2.11526261e-01 2.67801380e-01 9.98045231e-02\n",
      "  6.33701634e-02 5.54500685e-02 9.60378945e-02 3.40324534e-02\n",
      "  3.37220529e-02 1.04861094e-02]\n",
      " [2.62727162e-01 4.52341736e-02 2.81162704e-01 2.47750256e-01\n",
      "  2.45578844e-02 2.94892149e-02 3.97430146e-02 2.98669248e-02\n",
      "  3.99234250e-03 3.54763237e-02]\n",
      " [1.46227360e-01 9.17250960e-02 1.65305000e-01 1.79439490e-01\n",
      "  9.93184896e-02 1.21664192e-01 1.04473723e-01 7.08247683e-02\n",
      "  6.47707927e-03 1.45448017e-02]\n",
      " [2.39753951e-01 2.21634291e-01 1.64400267e-01 1.49480936e-01\n",
      "  1.28682102e-02 1.11894424e-01 4.07894461e-02 2.80086751e-02\n",
      "  8.62885751e-03 2.25409416e-02]\n",
      " [1.57607474e-01 1.03820392e-01 1.50766746e-01 2.00818244e-01\n",
      "  1.06194116e-01 6.30603510e-02 7.19160205e-04 1.40369470e-01\n",
      "  4.06623278e-02 3.59817181e-02]\n",
      " [8.45771322e-02 2.74862861e-01 2.58909519e-01 7.02884552e-02\n",
      "  1.48229730e-01 1.30424327e-02 8.34328356e-02 1.75660317e-02\n",
      "  3.22973893e-02 1.67936130e-02]\n",
      " [2.47635645e-01 8.33923379e-02 1.26130053e-01 9.47676160e-02\n",
      "  1.97991932e-01 6.31436032e-02 4.34414264e-02 1.12389233e-01\n",
      "  2.88416302e-02 2.26652300e-03]\n",
      " [1.05608033e-02 3.49511814e-01 2.34845597e-02 1.34074059e-01\n",
      "  2.08759278e-01 4.66670636e-02 1.39357078e-01 5.90836846e-02\n",
      "  2.04569534e-02 8.04470650e-03]\n",
      " [4.13614462e-02 2.92395336e-01 1.96255284e-01 1.66232302e-01\n",
      "  9.96548285e-02 7.65584130e-02 9.35954060e-02 1.02702335e-02\n",
      "  7.34200697e-03 1.63347443e-02]\n",
      " [1.42754035e-01 2.19337625e-01 1.66618029e-01 1.75355144e-01\n",
      "  1.37644343e-01 2.54508480e-03 4.81360520e-02 3.84025129e-02\n",
      "  4.99819735e-02 1.92252003e-02]\n",
      " [3.21465996e-01 1.91916047e-01 1.38997452e-01 6.82806110e-02\n",
      "  3.55615557e-02 1.10292471e-01 6.51812922e-02 3.83871306e-02\n",
      "  1.82777649e-02 1.16396788e-02]\n",
      " [5.96821738e-02 2.25122683e-01 2.25939888e-02 1.71835764e-01\n",
      "  1.83228934e-01 9.69443062e-02 9.45413778e-02 7.95763808e-02\n",
      "  5.30407516e-02 1.34336410e-02]\n",
      " [2.07371643e-01 1.83153520e-01 1.83782867e-01 1.79081271e-01\n",
      "  1.23716904e-01 2.93899106e-02 2.58695252e-02 1.69796145e-02\n",
      "  3.19379564e-02 1.87167883e-02]\n",
      " [2.94936527e-01 2.24740048e-01 4.76169798e-02 1.07940674e-01\n",
      "  1.00066828e-01 5.87347554e-02 7.18720270e-02 6.81919698e-02\n",
      "  2.30478141e-02 2.85237606e-03]\n",
      " [5.20430844e-02 1.92029378e-01 2.53781083e-01 1.95675272e-01\n",
      "  3.94598011e-02 1.35657147e-01 4.81791327e-02 3.01416320e-02\n",
      "  5.19517632e-02 1.08170598e-03]\n",
      " [3.11997552e-02 3.15587676e-02 3.55903984e-01 5.23890835e-02\n",
      "  1.74012785e-01 2.33697040e-01 4.94455995e-02 1.57155755e-02\n",
      "  3.91199357e-02 1.69574733e-02]\n",
      " [5.82355078e-02 2.22399992e-01 1.39978723e-01 1.44651835e-01\n",
      "  9.89198310e-02 1.38826670e-01 1.01238109e-01 5.65465463e-02\n",
      "  3.28470478e-02 6.35573911e-03]\n",
      " [6.54187032e-02 1.88400572e-01 3.03332880e-01 7.09136599e-02\n",
      "  1.07432548e-01 7.66817181e-02 6.50515615e-02 8.49495500e-02\n",
      "  3.45145664e-02 3.30424036e-03]\n",
      " [1.22639388e-01 2.56460248e-01 5.29978390e-02 2.20411663e-01\n",
      "  1.36685896e-01 1.45959514e-02 4.61796303e-02 3.58031939e-02\n",
      "  8.23384608e-02 3.18877290e-02]]\n"
     ]
    }
   ],
   "source": [
    "n_pars = 10\n",
    "hm = 100\n",
    "xt = generate_xt(n_pars, hm)\n",
    "print(xt)"
   ]
  },
  {
   "cell_type": "code",
   "execution_count": 3,
   "metadata": {},
   "outputs": [],
   "source": [
    "a = 1\n",
    "alpha = np.ones(n_pars)*a\n",
    "alpha_prop = np.ones(n_pars)*a\n",
    "\n",
    "n = int(1e5)\n",
    "each = int(1e5)"
   ]
  },
  {
   "cell_type": "code",
   "execution_count": 4,
   "metadata": {},
   "outputs": [
    {
     "name": "stderr",
     "output_type": "stream",
     "text": [
      "Acceptance rate 0.000250: 100%|██████████| 100000/100000 [01:39<00:00, 1003.96it/s]\n"
     ]
    }
   ],
   "source": [
    "samples = sampling(n, xt, alpha, alpha_prop)"
   ]
  },
  {
   "cell_type": "code",
   "execution_count": 5,
   "metadata": {},
   "outputs": [
    {
     "name": "stderr",
     "output_type": "stream",
     "text": [
      "Acceptance rate 0.281879:   0%|          | 87/100000 [00:00<01:55, 865.59it/s]"
     ]
    },
    {
     "name": "stdout",
     "output_type": "stream",
     "text": [
      "[13.22900054  9.24415482 10.53540527 12.2601909   3.93110783  9.32284636\n",
      "  7.34357031  4.24515253  2.63877391  9.74206927]\n"
     ]
    },
    {
     "name": "stderr",
     "output_type": "stream",
     "text": [
      "Acceptance rate 0.197512: 100%|██████████| 100000/100000 [02:05<00:00, 794.59it/s]\n"
     ]
    }
   ],
   "source": [
    "eps2 = 0.5\n",
    "samples2 = sampling2(n, xt, alpha, eps2, each)"
   ]
  },
  {
   "cell_type": "code",
   "execution_count": 6,
   "metadata": {},
   "outputs": [
    {
     "name": "stderr",
     "output_type": "stream",
     "text": [
      "Acceptance rate 0.041026,    Skipped due to zero in some omega proposed 0.251282:   0%|          | 105/100000 [00:00<01:35, 1044.69it/s]"
     ]
    },
    {
     "name": "stdout",
     "output_type": "stream",
     "text": [
      "[0.00656808 0.03644854 0.22683232 0.0231146  0.02951965 0.02202009\n",
      " 0.20629222 0.00528596 0.21351307 0.23040548]\n"
     ]
    },
    {
     "name": "stderr",
     "output_type": "stream",
     "text": [
      "Acceptance rate 0.073781,    Skipped due to zero in some omega proposed 0.003330: 100%|██████████| 100000/100000 [01:41<00:00, 982.83it/s]\n"
     ]
    }
   ],
   "source": [
    "eps3 = 100\n",
    "samples3 = sampling3(n, xt, alpha, eps3, each)"
   ]
  },
  {
   "cell_type": "code",
   "execution_count": 7,
   "metadata": {},
   "outputs": [
    {
     "name": "stderr",
     "output_type": "stream",
     "text": [
      "Acceptance rate 0.000000:   0%|          | 77/100000 [00:00<02:09, 769.51it/s]"
     ]
    },
    {
     "name": "stdout",
     "output_type": "stream",
     "text": [
      "[ 57.68475678  52.32371694  51.83335218   4.21413376  39.1437078\n",
      "  94.35051783  34.98705048 483.8952954  179.89125034  12.60884874]\n"
     ]
    },
    {
     "name": "stderr",
     "output_type": "stream",
     "text": [
      "Acceptance rate 0.000000: 100%|██████████| 100000/100000 [02:04<00:00, 801.92it/s]\n"
     ]
    }
   ],
   "source": [
    "eps5 = 1e3\n",
    "samples5 = sampling5(n, xt, alpha, eps5, each)"
   ]
  },
  {
   "cell_type": "code",
   "execution_count": 8,
   "metadata": {},
   "outputs": [
    {
     "data": {
