{
 "cells": [
  {
   "cell_type": "code",
   "execution_count": 24,
   "metadata": {},
   "outputs": [],
   "source": [
    "import numpy as np\n",
    "from scipy.stats import dirichlet\n",
    "import tqdm\n",
    "import matplotlib.pyplot as plt\n",
    "from scipy.stats import norm\n",
    "from scipy.stats import gamma\n",
    "\n",
    "\n",
    "def generate_xt(n_pars, hm):\n",
    "    xt = []\n",
    "    for _ in range(hm):\n",
    "        temp = np.linspace(10,1,n_pars) * np.random.uniform(0,1,n_pars)\n",
    "        xt.append(temp/np.sum(temp))\n",
    "    return np.array(xt)\n",
    "\n",
    "def loglikelihood(xt, omega):\n",
    "    return np.sum( np.log( np.array( [ np.sum(xt[i]*omega) for i in range(len(xt)) ] ) ) )\n",
    "\n",
    "def log_posterior(xt, omega, alpha):\n",
    "    return loglikelihood(xt, omega) + dirichlet.logpdf(omega, alpha = alpha)\n",
    "\n",
    "def sampling(n, xt, alpha, alpha_prop):\n",
    "    accepted = []\n",
    "    c = 0\n",
    "    log_rnd = np.log(np.random.uniform(0,1,n))\n",
    "    pb = tqdm.tqdm(range(n))\n",
    "    omega = np.hstack( dirichlet.rvs(alpha = alpha, size = 1) )\n",
    "    for i in pb:\n",
    "        acp = i and c/i or 0\n",
    "        pb.set_description(\"Acceptance rate %f\" % acp)\n",
    "        omega_new = np.hstack( dirichlet.rvs(alpha = alpha_prop, size = 1) )\n",
    "        if log_rnd[i] <= log_acceptance_diri(xt, alpha, alpha_prop, omega, omega_new):\n",
    "            omega = omega_new\n",
    "            c +=1\n",
    "        accepted.append(omega)\n",
    "    return np.array(accepted)\n",
    "\n",
    "def sampling2(n, xt, alpha, eps, each):\n",
    "    accepted = []\n",
    "    c = 0\n",
    "    log_rnd = np.log(np.random.uniform(0,1,n))\n",
    "    pb = tqdm.tqdm(range(n))\n",
    "    x = np.ones(len(alpha)) * len(alpha)\n",
    "    omega = x/np.sum(x)\n",
    "    alp = 1/eps**2\n",
    "    scale = x*eps**2\n",
    "    for i in pb:\n",
    "        acp = i and c/i or 0\n",
    "        pb.set_description(\"Acceptance rate %f\" % acp)\n",
    "        x_pr = gamma.rvs(alp, scale = scale)\n",
    "        omega_pr = x_pr/np.sum(x_pr)\n",
    "        if i % each == 0: print(x_pr)\n",
    "        if log_rnd[i] <= log_acceptance(xt, alpha, x, x_pr, omega, omega_pr, alp, eps, scale):\n",
    "            omega = omega_pr\n",
    "            x = x_pr\n",
    "            scale = x_pr*eps**2\n",
    "            c +=1\n",
    "        accepted.append(omega)\n",
    "    return np.array(accepted)\n",
    "\n",
    "def sampling3(n, xt, alpha, eps, each):\n",
    "    accepted = []\n",
    "    #prs = []\n",
    "    c, skpd = [0,0]\n",
    "    log_rnd = np.log(np.random.uniform(0,1,n))\n",
    "    pb = tqdm.tqdm(range(n))\n",
    "    omega = np.hstack( dirichlet.rvs(alpha = alpha, size = 1) )\n",
    "    for i in pb:\n",
    "        acp = i and c/i or 0\n",
    "        skpd_rate = i and skpd/i or 0\n",
    "        pb.set_description(\"Acceptance rate %f,    Skipped due to zero in some omega proposed %f\" % (acp,skpd_rate))\n",
    "        omega_pr = np.hstack( dirichlet.rvs(alpha = omega*eps, size = 1) )\n",
    "        if any(omega_pr==0):\n",
    "             skpd += 1\n",
    "             continue\n",
    "        if i % each == 0: print(omega_pr)\n",
    "        #omega_pr = np.where(omega_pr>0, omega_pr, 1e-10)\n",
    "        #omega_pr = omega_pr/np.sum(omega_pr)\n",
    "        if log_rnd[i] <= log_acceptance3(xt, alpha, omega, omega_pr, eps):\n",
    "            omega = omega_pr\n",
    "            c +=1\n",
    "        accepted.append(omega)\n",
    "    return np.array(accepted)\n",
    "\n",
    "def sampling4(n, xt, alpha, eps, each):\n",
    "    accepted = []\n",
    "    #prs = []\n",
    "    c, skpd = [0,0]\n",
    "    log_rnd = np.log(np.random.uniform(0,1,n))\n",
    "    pb = tqdm.tqdm(range(n))\n",
    "    omega = np.hstack( dirichlet.rvs(alpha = alpha, size = 1) )\n",
    "    for i in pb:\n",
    "        acp = i and c/i or 0\n",
    "        skpd_rate = i and skpd/i or 0\n",
    "        pb.set_description(\"Acceptance rate %f,    Skipped due to zero in some omega proposed %f\" % (acp,skpd_rate))\n",
    "        omega_pr = np.hstack( dirichlet.rvs(alpha = omega+eps, size = 1) )\n",
    "        if any(omega_pr==0):\n",
    "             skpd += 1\n",
    "             continue\n",
    "        if i % each == 0: print(omega_pr)\n",
    "        #omega_pr = np.where(omega_pr>0, omega_pr, 1e-10)\n",
    "        #omega_pr = omega_pr/np.sum(omega_pr)\n",
    "        if log_rnd[i] <= log_acceptance4(xt, alpha, omega, omega_pr, eps):\n",
    "            omega = omega_pr\n",
    "            c +=1\n",
    "        accepted.append(omega)\n",
    "    return np.array(accepted)\n",
    "\n",
    "def log_acceptance4(xt, alpha, omega, omega_pr, eps):\n",
    "            return log_posterior(xt, omega_pr, alpha) - log_posterior(xt, omega, alpha) - dirichlet.logpdf(omega_pr, alpha = omega+eps) + dirichlet.logpdf(omega, alpha = omega_pr+eps)\n",
    "\n",
    "def log_acceptance3(xt, alpha, omega, omega_pr, eps):\n",
    "            return log_posterior(xt, omega_pr, alpha) - log_posterior(xt, omega, alpha) - dirichlet.logpdf(omega_pr, alpha = omega*eps) + dirichlet.logpdf(omega, alpha = omega_pr*eps)\n",
    "\n",
    "def log_acceptance_diri(xt, alpha, alpha_prop, omega, omega_pr):\n",
    "    return log_posterior(xt, omega_pr, alpha) - log_posterior(xt, omega, alpha) - dirichlet.logpdf(omega_pr, alpha = alpha_prop) + dirichlet.logpdf(omega, alpha = alpha_prop)\n",
    "\n",
    "def log_acceptance(xt, alpha, x, x_pr, omega, omega_pr, alp, eps, scale):\n",
    "            scale_reverse = x_pr*eps**2\n",
    "            return log_posterior(xt, omega_pr, alpha) - log_posterior(xt, omega, alpha) + log_jacobian(x_pr) - log_jacobian(x) + norm.logpdf(np.sum(x_pr), loc = 0, scale = 1) - norm.logpdf(np.sum(x), loc = 0, scale = 1) - np.sum( gamma.logpdf(x_pr, a = alp, scale=scale) ) + np.sum( gamma.logpdf(x, a = alp, scale=scale_reverse) )\n",
    "\n",
    "def log_jacobian(x):\n",
    "    return -(len(x)) * np.log(np.sum(x))\n",
    "\n"
   ]
  },
  {
   "cell_type": "code",
   "execution_count": 54,
   "metadata": {},
   "outputs": [
    {
     "name": "stdout",
     "output_type": "stream",
     "text": [
      "[[1.56846180e-01 1.58308823e-01 2.20374951e-01 8.69084941e-02\n",
      "  1.43324734e-01 2.59246885e-02 8.65848652e-02 6.30247134e-02\n",
      "  2.33153656e-02 3.53871850e-02]\n",
      " [2.13135743e-01 1.10124908e-01 7.72219225e-02 2.01718363e-01\n",
      "  4.07199746e-02 1.13724538e-01 1.09847114e-01 6.82200588e-02\n",
      "  4.26092865e-02 2.26780925e-02]\n",
      " [1.14372980e-02 2.40056458e-01 1.71017543e-01 1.87016644e-01\n",
      "  1.34586700e-01 1.06545897e-01 4.34158152e-02 9.75956973e-02\n",
      "  1.78104378e-04 8.14984321e-03]\n",
      " [2.55035641e-01 2.05806428e-01 5.58593696e-02 1.06547529e-01\n",
      "  2.11530620e-01 7.20062004e-03 1.38331903e-01 3.92514229e-03\n",
      "  8.28702595e-03 7.47572156e-03]\n",
      " [8.58070049e-02 1.38762904e-01 7.58586355e-02 3.19928053e-01\n",
      "  1.33314363e-01 3.59100413e-03 1.39319042e-01 2.89846530e-02\n",
      "  3.79780200e-02 3.64563206e-02]\n",
      " [5.46507159e-02 1.56321520e-01 3.22530578e-01 2.90347815e-01\n",
      "  1.91432048e-02 4.98744325e-02 3.22132311e-02 1.17206726e-02\n",
      "  2.25708437e-02 4.06269867e-02]\n",
      " [2.37865684e-01 1.11893361e-01 2.38491748e-01 4.42539205e-02\n",
      "  1.05009326e-01 2.30858056e-02 1.19282962e-01 6.59939689e-02\n",
      "  2.84324416e-02 2.56907821e-02]\n",
      " [5.46499137e-01 4.94445668e-02 2.30838631e-03 3.52719455e-02\n",
      "  1.12074793e-01 2.01212554e-02 7.25809879e-03 1.29238070e-01\n",
      "  8.52936202e-02 1.24901268e-02]\n",
      " [2.11957044e-02 1.71911997e-01 1.83532322e-01 1.01487484e-01\n",
      "  1.48506277e-01 1.42620257e-01 8.02869606e-02 7.91527738e-02\n",
      "  5.48747825e-02 1.64314421e-02]\n",
      " [1.57933249e-01 1.14280075e-01 1.76950872e-01 1.53819559e-01\n",
      "  6.90339986e-02 1.14551468e-01 8.71842751e-02 7.17023034e-02\n",
      "  3.48521063e-02 1.96920936e-02]\n",
      " [3.16672176e-01 8.49521859e-02 8.96955224e-02 1.40938047e-01\n",
      "  7.55620015e-02 6.36480304e-02 1.15474275e-01 3.64982309e-02\n",
      "  4.48343609e-02 3.17251697e-02]\n",
      " [1.10602784e-01 7.60069901e-02 2.19474588e-01 1.59527291e-01\n",
      "  1.55377965e-01 1.44240452e-01 1.08015530e-02 1.00873211e-02\n",
      "  8.07784298e-02 3.31026266e-02]\n",
      " [1.54544074e-01 5.78370234e-02 9.98865016e-02 4.74392468e-02\n",
      "  1.51224782e-01 1.63595501e-01 1.42859126e-01 1.04245264e-01\n",
      "  7.19208308e-02 6.44764938e-03]\n",
      " [1.78184775e-01 3.30286972e-01 1.01473174e-02 1.07086971e-01\n",
      "  5.16291782e-02 8.11963218e-02 7.38284378e-02 1.06344496e-01\n",
      "  2.56959168e-02 3.55996140e-02]\n",
      " [2.22069451e-01 1.81321824e-01 5.43611162e-02 1.50178000e-01\n",
      "  1.25834005e-01 1.22482771e-01 5.19024409e-03 4.35532724e-02\n",
      "  7.01015688e-02 2.49077467e-02]\n",
      " [5.62170818e-02 1.14616053e-01 1.43787239e-01 2.30598208e-01\n",
      "  4.25918378e-02 5.85211775e-02 1.17335936e-01 1.47849480e-01\n",
      "  5.40962660e-02 3.43867221e-02]\n",
      " [3.87550871e-01 2.13339438e-01 5.55147713e-02 9.10912775e-03\n",
      "  6.43772743e-02 4.09017099e-02 5.15011359e-02 4.42026272e-02\n",
      "  8.94989714e-02 4.40040728e-02]\n",
      " [2.33960072e-01 6.33481753e-02 2.30164976e-01 2.24375063e-02\n",
      "  1.34287941e-01 4.91131286e-02 1.23630442e-01 8.09799362e-02\n",
      "  6.09796355e-02 1.09818693e-03]\n",
      " [1.94677676e-01 1.51809138e-01 1.64297178e-01 6.38282888e-02\n",
      "  1.38979748e-01 1.13579478e-01 7.26177805e-02 4.22007746e-02\n",
      "  4.39276832e-02 1.40822540e-02]\n",
      " [5.11275887e-02 3.35684789e-01 1.83925580e-01 1.24675879e-01\n",
      "  9.72365207e-02 9.33689189e-03 1.16624735e-01 5.02301606e-02\n",
      "  2.70500502e-02 4.10780425e-03]\n",
      " [1.57217370e-01 1.92662820e-01 1.58496217e-01 1.59398488e-01\n",
      "  1.18398603e-01 9.34225260e-02 6.69189882e-03 6.80671542e-02\n",
      "  2.27890535e-02 2.28558695e-02]\n",
      " [2.39566066e-01 3.27601659e-02 6.59464089e-02 2.01920243e-01\n",
      "  1.19385314e-01 1.61227163e-01 3.67966764e-02 9.02983046e-02\n",
      "  3.78076873e-02 1.42919716e-02]\n",
      " [7.37444602e-03 3.44440823e-01 2.13196954e-02 2.51160292e-01\n",
      "  7.92496088e-02 1.11987106e-01 1.91388945e-02 1.15760744e-01\n",
      "  1.33316948e-02 3.62366962e-02]\n",
      " [2.28197919e-01 6.16712337e-02 1.69711667e-01 1.43536286e-01\n",
      "  1.36525687e-01 1.25040607e-01 6.36114263e-03 7.58623623e-02\n",
      "  4.95635143e-02 3.52958198e-03]\n",
      " [1.18161826e-01 1.30944326e-03 1.18718765e-01 1.55705792e-01\n",
      "  2.16253568e-01 1.48344351e-01 1.05037651e-01 6.88840206e-02\n",
      "  5.89683496e-02 8.61623387e-03]\n",
      " [8.22468797e-02 2.81355939e-01 9.12466425e-03 1.87405351e-01\n",
      "  1.33782752e-01 9.58016001e-02 1.27076487e-01 3.04071228e-02\n",
      "  1.26838037e-02 4.01154000e-02]\n",
      " [6.03720744e-02 1.26234180e-01 2.47131563e-01 1.88380318e-01\n",
      "  1.01113558e-01 5.24186291e-02 1.42074643e-02 1.10308946e-01\n",
      "  6.24613875e-02 3.73718800e-02]\n",
      " [1.12602816e-03 6.36125980e-02 2.78300702e-01 2.07277013e-01\n",
      "  1.22366309e-01 4.70693992e-02 1.68288470e-01 5.10731055e-02\n",
      "  4.92967412e-02 1.15896339e-02]\n",
      " [2.75717421e-01 1.82676911e-01 4.71085488e-02 5.38518098e-02\n",
      "  9.05412097e-02 1.33412625e-01 1.37866299e-01 3.64434024e-02\n",
      "  3.43093124e-02 8.07246054e-03]\n",
      " [9.76982283e-02 1.46125948e-02 9.45438689e-02 2.76477691e-01\n",
      "  1.66854359e-01 1.06153598e-01 8.68155189e-02 1.02191482e-01\n",
      "  3.88144707e-02 1.58381882e-02]\n",
      " [7.61169163e-03 2.06165194e-01 1.19395511e-01 1.89807471e-01\n",
      "  1.62570614e-01 1.31654273e-01 9.20485594e-02 6.73906790e-02\n",
      "  1.84255008e-02 4.93050620e-03]\n",
      " [1.96379063e-01 1.96449999e-01 2.89479364e-02 1.05224502e-01\n",
      "  1.23343606e-01 1.36329010e-01 1.03643868e-01 4.30833923e-02\n",
      "  4.92363200e-02 1.73623027e-02]\n",
      " [2.51998067e-01 2.85868228e-01 9.82357551e-02 4.66509464e-02\n",
      "  1.06650607e-01 9.62076099e-02 4.24885719e-02 2.17200969e-02\n",
      "  2.99453547e-02 2.02347641e-02]\n",
      " [1.24393301e-01 1.22897041e-01 1.20523170e-01 1.59126940e-01\n",
      "  1.78000870e-01 1.24663233e-01 8.07122118e-02 4.80646866e-02\n",
      "  1.38837286e-02 2.77348185e-02]\n",
      " [2.66979555e-01 1.72093127e-01 9.75907946e-02 1.92874773e-02\n",
      "  1.56601558e-01 1.39542049e-01 5.70771742e-02 6.92884111e-02\n",
      "  1.58842537e-02 5.65560043e-03]\n",
      " [2.11784652e-01 3.30388063e-02 2.45020243e-01 3.91788987e-02\n",
      "  1.14873002e-01 1.08302261e-01 1.45875380e-01 3.87455945e-02\n",
      "  3.32572245e-02 2.99239387e-02]\n",
      " [1.23105422e-01 1.54814609e-01 1.01076108e-01 1.70066525e-01\n",
      "  1.24038204e-01 2.98489492e-03 1.45506563e-01 8.56385815e-02\n",
      "  5.99132211e-02 3.28558704e-02]\n",
      " [3.30731413e-01 2.76696450e-01 9.06230536e-03 1.54643874e-02\n",
      "  1.04654247e-01 1.02869324e-01 7.97978238e-02 5.09340474e-02\n",
      "  2.19858043e-02 7.80419728e-03]\n",
      " [5.55777437e-02 9.33193266e-02 3.22229847e-01 1.46272225e-01\n",
      "  6.52832546e-02 5.62533290e-02 1.57037030e-01 5.44944101e-02\n",
      "  1.42419647e-02 3.52908687e-02]\n",
      " [2.62148708e-01 1.26447552e-01 1.54918703e-01 1.40030840e-01\n",
      "  1.87401927e-02 1.21907303e-01 1.02627125e-01 1.13745151e-02\n",
      "  4.85752491e-02 1.32298119e-02]\n",
      " [1.63778479e-01 9.54896901e-02 2.16045297e-01 1.16929924e-01\n",
      "  1.42714692e-01 8.62234572e-02 8.08942436e-02 7.00495081e-02\n",
      "  2.57357906e-02 2.13891878e-03]\n",
      " [2.60723998e-01 9.39036204e-02 5.25919369e-02 1.80649597e-01\n",
      "  1.28319998e-01 7.92970336e-02 8.88776955e-02 9.74013617e-03\n",
      "  7.41072916e-02 3.17886936e-02]\n",
      " [8.51039678e-02 3.56743042e-01 2.81601071e-01 6.83706673e-02\n",
      "  1.32253802e-02 5.39342543e-02 4.79967742e-02 5.64184772e-02\n",
      "  2.99584730e-02 6.64789271e-03]\n",
      " [2.48710879e-01 1.16325139e-01 1.71817189e-02 2.92383526e-01\n",
      "  4.20232795e-02 1.51410392e-01 2.76150983e-02 8.43666529e-02\n",
      "  1.88813196e-02 1.10199527e-03]\n",
      " [5.76435987e-02 1.82776608e-01 1.84356301e-01 2.04298964e-03\n",
      "  2.62723520e-01 8.37460088e-02 1.37046772e-01 6.31716557e-02\n",
      "  3.20745499e-03 2.32850913e-02]\n",
      " [7.12263662e-02 2.79206545e-01 1.41344025e-01 7.54275599e-02\n",
      "  2.32088003e-01 5.70779946e-02 6.45635227e-02 4.45749953e-02\n",
      "  9.37491200e-03 2.51160756e-02]\n",
      " [1.41171279e-01 8.25676650e-02 1.38196472e-01 2.21951136e-01\n",
      "  1.34208444e-01 1.53344844e-01 3.51138468e-02 1.50716228e-03\n",
      "  5.99808914e-02 3.19582609e-02]\n",
      " [2.89233676e-01 9.04134628e-02 2.17761310e-01 2.01024970e-01\n",
      "  4.38766013e-02 3.85570814e-02 4.33969713e-02 3.80380322e-02\n",
      "  3.28002725e-02 4.89762257e-03]\n",
      " [1.17896060e-01 7.85473980e-02 6.39927557e-02 1.93231104e-01\n",
      "  6.75938917e-02 1.28920274e-01 1.64526446e-01 1.62417745e-01\n",
      "  1.17423713e-02 1.11319539e-02]\n",
      " [1.38218042e-01 1.62091178e-02 3.60444742e-01 1.18146760e-01\n",
      "  7.04344299e-02 1.64531405e-01 3.90476035e-02 5.55795665e-03\n",
      "  6.37882645e-02 2.36216781e-02]\n",
      " [2.29259155e-01 1.76107952e-01 1.32931672e-01 1.20159657e-01\n",
      "  1.22912462e-01 4.71626911e-02 8.41324888e-02 5.88495598e-02\n",
      "  2.22170636e-02 6.26729759e-03]\n",
      " [9.67930472e-02 3.14081711e-02 2.70869353e-01 1.51578424e-01\n",
      "  1.21997529e-01 1.85061127e-01 7.49246430e-02 1.06661839e-02\n",
      "  3.96089793e-02 1.70925434e-02]\n",
      " [2.26606710e-01 2.27152398e-01 1.31682481e-01 1.25704747e-01\n",
      "  7.84810836e-02 1.09328216e-01 4.65183668e-02 3.10432388e-02\n",
      "  2.33462844e-02 1.36474537e-04]\n",
      " [1.95521977e-01 1.79285617e-01 1.59095587e-01 1.86318100e-01\n",
      "  1.98815031e-03 1.50736098e-01 5.73786076e-02 5.54256686e-02\n",
      "  1.34719706e-02 7.78224464e-04]\n",
      " [1.92794523e-01 2.41995398e-01 2.05507968e-01 1.33660315e-01\n",
      "  8.75421852e-03 7.83447701e-02 7.16328655e-02 7.15937076e-03\n",
      "  4.35441721e-02 1.66063983e-02]\n",
      " [1.14175591e-01 2.84599000e-01 2.02344485e-01 1.55991135e-01\n",
      "  3.01220928e-02 5.02848075e-02 1.53544393e-01 7.18483852e-06\n",
      "  6.87178789e-03 2.05952267e-03]\n",
      " [2.21488280e-01 1.56037025e-01 1.97728975e-01 1.52805626e-01\n",
      "  1.17402189e-01 4.51877074e-02 4.31796863e-02 1.06105087e-02\n",
      "  5.11218551e-02 4.43814685e-03]\n",
      " [3.26127556e-01 3.45444864e-02 6.82183940e-02 1.06528143e-01\n",
      "  6.82443486e-02 1.83221756e-01 2.71532128e-02 9.46343807e-02\n",
      "  5.82655762e-02 3.30621463e-02]\n",
      " [2.41379159e-01 1.60945987e-01 5.05885961e-02 1.56475655e-01\n",
      "  6.44822329e-02 2.36333986e-01 2.06416635e-02 4.93864265e-02\n",
      "  1.74171922e-02 2.34910212e-03]\n",
      " [1.72567951e-01 2.68786304e-01 4.54058408e-02 1.79221144e-01\n",
      "  5.67594629e-02 8.99130873e-02 1.24591092e-01 3.37839290e-02\n",
      "  1.41574230e-03 2.75554459e-02]\n",
      " [2.95773611e-01 1.27401951e-01 1.62256147e-01 3.54820560e-02\n",
      "  2.08708973e-01 7.26501079e-02 2.94829356e-02 1.31806174e-02\n",
      "  4.59197793e-02 9.14382149e-03]\n",
      " [3.35118267e-01 1.59930721e-01 1.99625329e-01 3.46333100e-02\n",
      "  6.00537379e-03 1.18161970e-01 1.64322288e-02 2.75886167e-02\n",
      "  6.77859710e-02 3.47182126e-02]\n",
      " [2.44857836e-01 1.50776971e-02 2.23672116e-01 1.10165393e-01\n",
      "  1.12461687e-01 9.47214172e-02 9.19266725e-02 7.50157452e-02\n",
      "  2.51476579e-02 6.95377863e-03]\n",
      " [1.09086942e-01 3.05525810e-02 3.89840185e-02 1.18678803e-01\n",
      "  2.00713210e-01 1.72008679e-01 1.43201282e-01 1.10379462e-01\n",
      "  4.60906106e-02 3.03044130e-02]\n",
      " [2.75607100e-01 6.24053647e-03 2.15478112e-01 2.17068641e-01\n",
      "  7.90316759e-02 2.85073213e-02 8.72606196e-02 5.86062176e-02\n",
      "  3.82623185e-03 2.83735442e-02]\n",
      " [7.57991004e-02 1.37309060e-01 4.69404024e-02 2.21716886e-01\n",
      "  1.16139435e-01 1.61116352e-01 1.47231073e-01 3.88841171e-03\n",
      "  6.70980203e-02 2.27612604e-02]\n",
      " [5.37104605e-02 3.15883118e-02 1.34801687e-01 1.85342167e-01\n",
      "  5.82206854e-02 2.01954804e-01 1.52937516e-01 9.59297721e-02\n",
      "  7.84884827e-02 7.02611432e-03]\n",
      " [4.62838580e-02 2.47122859e-01 1.36304549e-01 2.25155434e-01\n",
      "  2.69411109e-02 1.30951559e-01 1.20599325e-01 3.29499179e-03\n",
      "  4.30269732e-02 2.03193407e-02]\n",
      " [2.07582998e-01 4.75408459e-02 1.56863135e-01 1.49346571e-01\n",
      "  1.39777534e-01 1.06659924e-01 6.57834801e-02 6.79633292e-02\n",
      "  4.50864073e-02 1.33957748e-02]\n",
      " [1.70189245e-01 2.09356469e-01 1.47445504e-02 1.65254193e-01\n",
      "  1.99306664e-01 3.15029702e-02 8.82746357e-02 3.22875295e-02\n",
      "  7.57687503e-02 1.33149922e-02]\n",
      " [3.48983804e-02 1.08480182e-01 2.03457853e-01 2.35903923e-01\n",
      "  1.32426750e-01 1.14654306e-01 9.92797854e-03 5.99508361e-02\n",
      "  6.49041212e-02 3.53956700e-02]\n",
      " [3.98153575e-01 8.16425985e-02 6.76195242e-02 1.72925898e-01\n",
      "  1.64619411e-02 1.10318986e-01 5.34337810e-02 6.19096695e-02\n",
      "  7.77133447e-03 2.97626932e-02]\n",
      " [5.63992736e-02 2.23298689e-01 9.17084986e-02 1.29208287e-01\n",
      "  1.82129587e-01 2.23943450e-02 1.33742676e-01 8.22894982e-02\n",
      "  6.06968933e-02 1.81322522e-02]\n",
      " [1.49895962e-01 1.30351740e-01 1.69278311e-01 1.60226000e-01\n",
      "  8.98064669e-02 9.71409835e-02 7.96828670e-02 4.50820241e-02\n",
      "  5.63341681e-02 2.22014769e-02]\n",
      " [2.70539205e-01 2.02360697e-01 2.11063067e-02 2.20996469e-01\n",
      "  6.62615706e-02 3.66288288e-02 8.77901858e-02 1.24989861e-02\n",
      "  6.17787363e-02 2.00390145e-02]\n",
      " [2.45705735e-01 2.48640487e-01 1.73522867e-01 5.46449934e-02\n",
      "  1.47367959e-02 4.37791988e-02 1.26442808e-01 3.75416606e-02\n",
      "  4.26195367e-02 1.23659180e-02]\n",
      " [7.76305004e-03 8.44862067e-02 1.53376207e-01 5.87640654e-02\n",
      "  2.26444699e-01 9.76138145e-03 1.96963443e-01 1.38860345e-01\n",
      "  9.95067719e-02 2.40738305e-02]\n",
      " [1.36802561e-01 7.98967797e-02 3.10486912e-01 2.51886542e-01\n",
      "  5.16224321e-02 5.54809705e-02 5.59120316e-03 5.69112797e-02\n",
      "  2.95971542e-02 2.17241655e-02]\n",
      " [1.61757272e-01 6.42258775e-02 2.48058271e-01 2.00143941e-01\n",
      "  1.41507010e-01 6.32300052e-02 2.39027240e-02 3.17731216e-02\n",
      "  4.37751474e-02 2.16266303e-02]\n",
      " [2.71861815e-01 9.84192281e-02 1.58252201e-01 1.46488758e-01\n",
      "  4.85291832e-02 9.97731632e-02 7.15967423e-02 2.79368560e-02\n",
      "  5.61617739e-02 2.09802798e-02]\n",
      " [5.53122434e-02 2.73278474e-01 2.71386963e-01 1.42793167e-01\n",
      "  6.57969068e-02 5.99441491e-02 1.66793080e-02 6.08365581e-02\n",
      "  2.44454420e-02 2.95267888e-02]\n",
      " [1.64467814e-01 2.43597912e-01 4.88822827e-02 5.58668068e-02\n",
      "  1.92127884e-02 1.30851556e-01 5.69534664e-02 1.50634963e-01\n",
      "  9.51773555e-02 3.43550552e-02]\n",
      " [1.37450915e-01 2.91587483e-01 2.16647672e-01 1.04075103e-01\n",
      "  9.74633658e-02 7.82483517e-02 2.04079694e-02 2.82364946e-02\n",
      "  1.64167815e-02 9.46586317e-03]\n",
      " [1.35512746e-01 7.32359327e-02 7.87599915e-02 1.24654067e-01\n",
      "  2.25920648e-01 1.03219022e-01 1.20102142e-01 6.18314055e-02\n",
      "  4.28956808e-02 3.38683640e-02]\n",
      " [1.37474578e-02 4.46877146e-02 3.28036890e-01 1.36945008e-01\n",
      "  1.87902933e-01 1.66421526e-01 4.69078501e-02 1.16285742e-02\n",
      "  3.98242469e-02 2.38977998e-02]\n",
      " [2.33504720e-01 1.31913827e-01 1.54824140e-01 1.11233593e-01\n",
      "  7.79577634e-02 1.29551802e-01 9.61707255e-02 4.79711669e-02\n",
      "  1.46963535e-02 2.17590825e-03]\n",
      " [5.14853080e-02 2.78122908e-01 2.23488223e-01 1.35102629e-01\n",
      "  7.68423945e-02 4.82804493e-02 1.18729008e-01 3.30602428e-02\n",
      "  8.21144500e-03 2.66773919e-02]\n",
      " [3.20775635e-02 3.42962833e-01 6.92706437e-02 1.90395863e-01\n",
      "  2.02917811e-01 7.55424648e-04 1.00192238e-01 1.26611325e-02\n",
      "  3.60917846e-02 1.26747063e-02]\n",
      " [1.39558337e-01 1.45634541e-01 1.32406078e-01 2.65151722e-01\n",
      "  8.95433116e-02 9.81431380e-02 2.97126074e-02 1.36609867e-02\n",
      "  6.76959875e-02 1.84932914e-02]\n",
      " [3.28143964e-01 2.33808739e-01 8.09595768e-02 6.31699241e-03\n",
      "  3.32587178e-02 7.31209866e-02 1.08634352e-01 6.06745876e-03\n",
      "  5.90983936e-02 7.05908196e-02]\n",
      " [1.50675619e-01 9.37223364e-02 1.49521269e-01 1.25478755e-02\n",
      "  2.06167141e-01 1.65216265e-01 5.40357733e-02 7.94035554e-02\n",
      "  5.96494565e-02 2.90607097e-02]\n",
      " [2.89148343e-01 1.91281216e-01 5.86169254e-02 1.92812596e-01\n",
      "  9.31471656e-02 5.67474251e-03 5.22218845e-02 6.91538379e-02\n",
      "  3.44750746e-02 1.34682141e-02]\n",
      " [2.46195511e-01 2.43398519e-01 2.38774281e-01 1.00202743e-01\n",
      "  2.66656358e-02 6.38584253e-02 2.97679131e-02 1.24435491e-02\n",
      "  2.24328584e-02 1.62605641e-02]\n",
      " [6.87333083e-02 2.27023818e-01 1.02201912e-01 2.23280049e-01\n",
      "  9.00666239e-02 9.14035763e-02 9.39526465e-02 6.15678759e-02\n",
      "  3.77911597e-02 3.97903070e-03]\n",
      " [1.18124497e-01 2.79172584e-01 2.17825179e-01 1.41511675e-01\n",
      "  3.31670292e-02 1.56032926e-01 4.23281163e-03 3.86295449e-03\n",
      "  2.23497133e-02 2.37206298e-02]\n",
      " [2.16575172e-01 2.36867820e-01 1.19949296e-02 1.60462450e-01\n",
      "  1.23767401e-01 9.85613063e-02 9.92975992e-02 3.20560201e-03\n",
      "  3.57322373e-02 1.35354831e-02]\n",
      " [3.61223768e-02 1.25790523e-01 1.75857795e-01 1.20492940e-01\n",
      "  1.43793594e-01 1.41909329e-01 7.01398579e-02 1.09752272e-01\n",
      "  4.19982528e-02 3.41430605e-02]\n",
      " [2.94090618e-01 2.39286970e-02 2.22422356e-01 1.61401079e-01\n",
      "  1.65739195e-02 1.51816898e-01 7.49495558e-02 1.76328154e-03\n",
      "  3.16021636e-02 2.14514315e-02]\n",
      " [3.02693469e-01 2.78315864e-01 5.18532181e-02 9.11738540e-02\n",
      "  1.06546732e-01 2.17679594e-02 1.96236565e-02 6.62019636e-02\n",
      "  3.87721567e-02 2.30511274e-02]\n",
      " [2.00243047e-01 2.67449641e-01 1.20104095e-01 2.95064828e-02\n",
      "  1.35763493e-01 7.89830786e-02 8.11172581e-02 5.07321385e-02\n",
      "  3.52577819e-02 8.42983138e-04]]\n"
     ]
    }
   ],
   "source": [
    "n_pars = 10\n",
    "hm = 100\n",
    "xt = generate_xt(n_pars, hm)\n",
    "print(xt)"
   ]
  },
  {
   "cell_type": "code",
   "execution_count": 55,
   "metadata": {},
   "outputs": [
    {
     "name": "stderr",
     "output_type": "stream",
     "text": [
      "Acceptance rate 0.000530: 100%|██████████| 100000/100000 [01:47<00:00, 926.18it/s]\n"
     ]
    }
   ],
   "source": [
    "a = 1\n",
    "alpha = np.ones(n_pars)*a\n",
    "alpha_prop = np.ones(n_pars)*a\n",
    "\n",
    "n = int(1e5)\n",
    "each = int(1e5)\n",
    "\n",
    "samples = sampling(n, xt, alpha, alpha_prop)"
   ]
  },
  {
   "cell_type": "code",
   "execution_count": 56,
   "metadata": {},
   "outputs": [
    {
     "name": "stderr",
     "output_type": "stream",
     "text": [
      "Acceptance rate 0.297101:   0%|          | 73/100000 [00:00<02:17, 724.84it/s]"
     ]
    },
    {
     "name": "stdout",
     "output_type": "stream",
     "text": [
      "[ 9.35368259 15.19316719  2.97052549  8.62261084  7.76324492 20.58698446\n",
      " 15.09522969  6.45429911 21.66387608 11.26794817]\n"
     ]
    },
    {
     "name": "stderr",
     "output_type": "stream",
     "text": [
      "Acceptance rate 0.196242: 100%|██████████| 100000/100000 [02:16<00:00, 734.61it/s]\n"
     ]
    }
   ],
   "source": [
    "eps2 = 0.5\n",
    "samples2 = sampling2(n, xt, alpha, eps2, each)"
   ]
  },
  {
   "cell_type": "code",
   "execution_count": 57,
   "metadata": {},
   "outputs": [
    {
     "name": "stderr",
     "output_type": "stream",
     "text": [
      "Acceptance rate 0.165605,    Skipped due to zero in some omega proposed 0.000000:   0%|          | 86/100000 [00:00<01:56, 858.90it/s]"
     ]
    },
    {
     "name": "stdout",
     "output_type": "stream",
     "text": [
      "[0.05218539 0.02886763 0.06947693 0.15005688 0.38701564 0.06831175\n",
      " 0.04596699 0.1322527  0.01883707 0.04702901]\n"
     ]
    },
    {
     "name": "stderr",
     "output_type": "stream",
     "text": [
      "Acceptance rate 0.089431,    Skipped due to zero in some omega proposed 0.000910: 100%|██████████| 100000/100000 [01:50<00:00, 905.59it/s]\n"
     ]
    }
   ],
   "source": [
    "eps3 = 100\n",
    "samples3 = sampling3(n, xt, alpha, eps3, each)"
   ]
  },
  {
   "cell_type": "code",
   "execution_count": 58,
   "metadata": {},
   "outputs": [
    {
     "data": {
